export const database = [ /* "Banco de dados" de produtos comercializados no site */
    {
        codigoProduto: 1,
        tituloProduto: "Rolex Oyster Perpetual 36mm com Data",
        preco: 8999.99,
        descricao: "Um modelo sofisticado e meticulosamente projetado, que combina elegância atemporal com a precisão de um mecanismo de alta performance. Este relógio é a escolha perfeita para quem valoriza não apenas a funcionalidade, mas também o design refinado e a versatilidade. Seu acabamento impecável e os detalhes cuidadosos proporcionam um visual moderno e sofisticado, tornando-o ideal tanto para ocasiões formais quanto para o uso diário. A harmonia entre os elementos clássicos e contemporâneos garante um acessório que complementa qualquer estilo, oferecendo confiança e estilo a cada segundo. Se você procura um relógio que seja ao mesmo tempo elegante e funcional, esse modelo é a escolha perfeita para expressar sua personalidade e sofisticação.",
        imagemProduto: {
            img1: "https://orit.fbitsstatic.net/img/p/relogio-rolex-oyster-perpetual-datejust-36mm-209679/410951-1.jpg?w=1500&h=1500&v=no-value",
            img2: "https://orit.fbitsstatic.net/img/p/relogio-rolex-oyster-perpetual-datejust-36mm-209679/410951-2.jpg?w=1500&h=1500&v=no-value",
            img3: "https://orit.fbitsstatic.net/img/p/relogio-rolex-oyster-perpetual-datejust-36mm-209679/410951-4.jpg?w=1500&h=1500&v=no-value",
            img4: "https://orit.fbitsstatic.net/img/p/relogio-rolex-oyster-perpetual-datejust-36mm-209679/410951-3.jpg?w=1500&h=1500&v=no-value",
        },
        categoriaProduto: "Casual",
        classificacaoProduto: "Novidades",
        exibirHome: true
    },
    {
        codigoProduto: 2,
        tituloProduto: "Rolex Datejust 31mm - Clássico e Elegante",
        preco: 7999.99,
        descricao: "Um relógio que une elegância e precisão. Ideal para quem valoriza estilo e funcionalidade. Perfeito para qualquer ocasião.",
        imagemProduto: {
            img1: "https://orit.fbitsstatic.net/img/p/relogio-rolex-datejust-31mm-210298/411595-3.jpg?w=1500&h=1500&v=202411080939",
            img2: "https://orit.fbitsstatic.net/img/p/relogio-rolex-datejust-31mm-210298/411595-2.jpg?w=1500&h=1500&v=202411080939",
            img3: "https://orit.fbitsstatic.net/img/p/relogio-rolex-datejust-31mm-210298/411595-6.jpg?w=1500&h=1500&v=202411080939",
            img4: "https://orit.fbitsstatic.net/img/p/relogio-rolex-datejust-31mm-210298/411595-4.jpg?w=1500&h=1500&v=202411080939",
        },
        categoriaProduto: "Casual",
        classificacaoProduto: "Novidades",
        exibirHome: true
    },
    {
        codigoProduto: 3,
        tituloProduto: "Omega Seamaster 300m - Profissional",
        preco: 10500.99,
        descricao: "Design clean e sofisticado. A combinação perfeita entre modernidade e tradição. Um acessório que se adapta ao seu estilo",
        imagemProduto: {
            img1: "https://orit.fbitsstatic.net/img/p/relogio-omega-seeamaster-professional-300-210296/411593-3.jpg?w=1500&h=1500&v=202411081509",
            img2: "https://orit.fbitsstatic.net/img/p/relogio-omega-seeamaster-professional-300-210296/411593-2.jpg?w=1500&h=1500&v=202411081509",
            img3: "https://orit.fbitsstatic.net/img/p/relogio-omega-seeamaster-professional-300-210296/411593-5.jpg?w=1500&h=1500&v=202411081509",
            img4: "https://orit.fbitsstatic.net/img/p/relogio-omega-seeamaster-professional-300-210296/411593-6.jpg?w=1500&h=1500&v=202411081509",
        },
        categoriaProduto: "Esportivo",
        classificacaoProduto: "Novidades",
        exibirHome: true
    },
    {
        codigoProduto: 4,
        tituloProduto: "Rolex Datejust 31mm Edição Limitada",
        preco: 11500.75,
        descricao: "Um modelo refinado que exala classe e sofisticação. Com precisão impecável. Ideal para quem busca excelência em cada detalhe.",
        imagemProduto: {
            img1: "https://orit.fbitsstatic.net/img/p/relogio-rolex-datejust-31mm-210299/411596-5.jpg?w=1500&h=1500&v=202411080939",
            img3: "https://orit.fbitsstatic.net/img/p/relogio-rolex-datejust-31mm-210299/411596-2.jpg?w=1500&h=1500&v=202411080939",
            img4: "https://orit.fbitsstatic.net/img/p/relogio-rolex-datejust-31mm-210299/411596-3.jpg?w=1500&h=1500&v=202411080939",
            img5: "https://orit.fbitsstatic.net/img/p/relogio-rolex-datejust-31mm-210299/411596-1.jpg?w=1500&h=1500&v=202411080939",
            
        },
        categoriaProduto: "Casual",
        classificacaoProduto: "Novidades",
        exibirHome: true
    },
    {
        codigoProduto: 5,
        tituloProduto: "Omega Seamaster Co-Axial - Mergulho Profundo",
        preco: 12500.89,
        descricao: "RSofisticação e modernidade em um único relógio. Perfeito para quem quer destacar sua personalidade. Um design que impressiona em qualquer ambiente.",
        imagemProduto: {
            img1: "https://orit.fbitsstatic.net/img/p/relogio-omega-seamaster-co-axial-210297/411594-3.jpg?w=1500&h=1500&v=202411081511",
            img2: "https://orit.fbitsstatic.net/img/p/relogio-omega-seamaster-co-axial-210297/411594-4.jpg?w=1500&h=1500&v=202411081511",
            img3: "https://orit.fbitsstatic.net/img/p/relogio-omega-seamaster-co-axial-210297/411594-2.jpg?w=1500&h=1500&v=202411081511",
            img4: "https://orit.fbitsstatic.net/img/p/relogio-omega-seamaster-co-axial-210297/411594-5.jpg?w=1500&h=1500&v=202411081511",
        },
        categoriaProduto: "Esportivo",
        classificacaoProduto: "Novidades",
        exibirHome: true
    },
    {
        codigoProduto: 6,
        tituloProduto: "Montblanc Sport GMT - Aventura e Estilo",
        preco: 4700.50,
        descricao: "Um relógio com estilo atemporal. Elegância que nunca sai de moda. Perfeito para complementar seu visual com discrição e classe.",
        imagemProduto: {
            img1: "https://orit.fbitsstatic.net/img/p/relogio-montblanc-sport-gmt-210295/411592-2.jpg?w=1500&h=1500&v=202411080939",
            img2: "https://orit.fbitsstatic.net/img/p/relogio-montblanc-sport-gmt-210295/411592-5.jpg?w=1500&h=1500&v=202411080939",
            img3: "https://orit.fbitsstatic.net/img/p/relogio-montblanc-sport-gmt-210295/411592-1.jpg?w=1500&h=1500&v=202411080939",
            img4: "https://orit.fbitsstatic.net/img/p/relogio-montblanc-sport-gmt-210295/411592-4.jpg?w=1500&h=1500&v=202411080939"
        },
        categoriaProduto: "Casual",
        classificacaoProduto: "Promoções",
        exibirHome: true
    },
    {
        codigoProduto: 7,
        tituloProduto: "Relógio Rolex Oyster Perpetual Datejust 36mm",
        preco: 9500.75,
        descricao: "Este Rolex icônico traz uma combinação de tradição e inovação. O Datejust 36mm é perfeito para quem busca um relógio casual com precisão e durabilidade inigualáveis.",
        imagemProduto: {
            img1: "https://orit.fbitsstatic.net/img/p/relogio-rolex-oyster-perpetual-datejust-36mm-209679/410951-2.jpg?w=1500&h=1500&v=no-value",
            img2: "https://orit.fbitsstatic.net/img/p/relogio-rolex-oyster-perpetual-datejust-36mm-209679/410951-1.jpg?w=1500&h=1500&v=no-value",
            img3: "https://orit.fbitsstatic.net/img/p/relogio-rolex-oyster-perpetual-datejust-36mm-209679/410951-4.jpg?w=1500&h=1500&v=no-value",
            img4: "https://orit.fbitsstatic.net/img/p/relogio-rolex-oyster-perpetual-datejust-36mm-209679/410951-3.jpg?w=1500&h=1500&v=no-value"
        },
        categoriaProduto: "Casual",
        classificacaoProduto: "Promocoes",
        exibirHome: true
    },
    {
        codigoProduto: 8,
        tituloProduto: "Relógio Rolex Datejust 31mm",
        preco: 9700.89,
        descricao: "O Rolex Datejust 31mm oferece um design compacto e refinado, ideal para quem aprecia um relógio esportivo de alta classe e com excelente precisão.",
        imagemProduto: {
            img1: "https://orit.fbitsstatic.net/img/p/relogio-rolex-datejust-31mm-210298/411595-2.jpg?w=1500&h=1500&v=202411080939",
            img2: "https://orit.fbitsstatic.net/img/p/relogio-rolex-datejust-31mm-210298/411595-6.jpg?w=1500&h=1500&v=202411080939",
            img3: "https://orit.fbitsstatic.net/img/p/relogio-rolex-datejust-31mm-210298/411595-3.jpg?w=1500&h=1500&v=202411080939",
            img4: "https://orit.fbitsstatic.net/img/p/relogio-rolex-datejust-31mm-210298/411595-4.jpg?w=1500&h=1500&v=202411080939"
        },
        categoriaProduto: "Esportivo",
        classificacaoProduto: "Promocoes",
        exibirHome: true
    },
    {
        codigoProduto: 9,
        tituloProduto: "Relógio Omega Seamaster Professional 300",
        preco: 8900.99,
        descricao: "Um acessório que combina tecnologia e estética. Criado para quem exige qualidade e design. Funcionalidade que se encaixa no seu estilo de vida.",
        imagemProduto: {
            img1: "https://orit.fbitsstatic.net/img/p/relogio-omega-seeamaster-professional-300-210296/411593-2.jpg?w=1500&h=1500&v=202411081509",
            img2: "https://orit.fbitsstatic.net/img/p/relogio-omega-seeamaster-professional-300-210296/411593-3.jpg?w=1500&h=1500&v=202411081509",
            img3: "https://orit.fbitsstatic.net/img/p/relogio-omega-seeamaster-professional-300-210296/411593-5.jpg?w=1500&h=1500&v=202411081509",
            img4: "https://orit.fbitsstatic.net/img/p/relogio-omega-seeamaster-professional-300-210296/411593-6.jpg?w=1500&h=1500&v=202411081509"
        },
        categoriaProduto: "Esportivo",
        classificacaoProduto: "Promocoes",
        exibirHome: true
    },
    {
        codigoProduto: 10,
        tituloProduto: "Relógio Rolex Oyster Perpetual DateJust 38mm",
        preco: 2800.99,
        descricao: "Elegância e praticidade em um modelo versátil. Adaptável a qualquer estilo e momento. Um toque de sofisticação em cada olhar.",
        imagemProduto: {
            img1: "https://orit.fbitsstatic.net/img/p/relogio-omega-seeamaster-professional-300-210296/411593-3.jpg?w=1500&h=1500&v=202411081509",
            img2: "https://orit.fbitsstatic.net/img/p/relogio-omega-seeamaster-professional-300-210296/411593-2.jpg?w=1500&h=1500&v=202411081509",
            img3: "https://orit.fbitsstatic.net/img/p/relogio-omega-seeamaster-professional-300-210296/411593-5.jpg?w=1500&h=1500&v=202411081509",
            img4: "https://orit.fbitsstatic.net/img/p/relogio-omega-seeamaster-professional-300-210296/411593-6.jpg?w=1500&h=1500&v=202411081509"
        },
        categoriaProduto: "Casual",
        classificacaoProduto: "Promocoes",
        exibirHome: true
    },
    {
        codigoProduto: 11,
        tituloProduto: "Relógio Rolex Oyster Perpetual Datejust 36mm",
        preco: 8330.99,
        descricao: "Um design refinado e preciso. Feito para quem não abre mão de estilo e confiabilidade. O equilíbrio perfeito entre modernidade e clássico.",
        imagemProduto: {
            img1: "https://orit.fbitsstatic.net/img/p/relogio-rolex-datejust-31mm-210299/411596-3.jpg?w=1500&h=1500&v=202411080939",
            img2: "https://orit.fbitsstatic.net/img/p/relogio-rolex-datejust-31mm-210299/411596-2.jpg?w=1500&h=1500&v=202411080939",
            img3: "https://orit.fbitsstatic.net/img/p/relogio-rolex-datejust-31mm-210299/411596-1.jpg?w=1500&h=1500&v=202411080939",
            img4: "https://orit.fbitsstatic.net/img/p/relogio-rolex-datejust-31mm-210299/411596-5.jpg?w=1500&h=1500&v=202411080939"
        },
        categoriaProduto: "Casual",
        classificacaoProduto: "Promocoes",
        exibirHome: true
    },
    {
        codigoProduto: 12,
        tituloProduto: "Relógio Rolex Oyster Perpetual Datejust 36mm",
        preco: 8550.99,
        descricao: "Para quem valoriza os detalhes. Este relógio oferece precisão e um toque de sofisticação. A escolha perfeita para quem aprecia um bom design.",
        imagemProduto: {
            img1: "https://orit.fbitsstatic.net/img/p/relogio-omega-seamaster-co-axial-210297/411594-3.jpg?w=1500&h=1500&v=202411081511",
            img2: "https://orit.fbitsstatic.net/img/p/relogio-omega-seamaster-co-axial-210297/411594-4.jpg?w=1500&h=1500&v=202411081511",
            img3: "https://orit.fbitsstatic.net/img/p/relogio-omega-seamaster-co-axial-210297/411594-2.jpg?w=1500&h=1500&v=202411081511",
            img4: "https://orit.fbitsstatic.net/img/p/relogio-omega-seamaster-co-axial-210297/411594-5.jpg?w=1500&h=1500&v=202411081511"
        },
        categoriaProduto: "Casual",
        classificacaoProduto: "Promocoes",
        exibirHome: true
    },
    {
        codigoProduto: 13,
        tituloProduto: "Relógio Rolex Oyster Perpetual Datejust 36mm",
        preco: 12999.99,
        descricao: "Clássico e contemporâneo. Um modelo ideal para quem busca versatilidade e estilo. Com um toque de elegância que destaca qualquer visual",
        imagemProduto: {
            img1: "https://orit.fbitsstatic.net/img/p/relogio-omega-seamaster-professional-300-210299/411595-3.jpg?w=1500&h=1500&v=202411081509",
            img2: "https://orit.fbitsstatic.net/img/p/relogio-omega-seamaster-professional-300-210299/411595-2.jpg?w=1500&h=1500&v=202411081509",
            img3: "https://orit.fbitsstatic.net/img/p/relogio-omega-seamaster-professional-300-210299/411595-5.jpg?w=1500&h=1500&v=202411081509",
            img4: "https://orit.fbitsstatic.net/img/p/relogio-omega-seamaster-professional-300-210299/411595-4.jpg?w=1500&h=1500&v=202411081509"
        },
        categoriaProduto: "Casual",
        classificacaoProduto: "Promocoes",
        exibirHome: true
    },

    {
        codigoProduto: 14,
        tituloProduto: "Relógio Omega Seamaster Diver 300M 36mm",
        preco: 12000.99,
        descricao: "O Omega Seamaster Diver 300M 36mm é a escolha perfeita para quem busca um relógio de luxo com robustez e estilo incomparáveis. Com design inovador e resistência à água de até 300 metros, este relógio é ideal para os amantes de esportes aquáticos e para quem aprecia a tradição da relojoaria suíça.",
        imagemProduto: {
            img1: "https://orit.fbitsstatic.net/img/p/relogio-rolex-datejust-31mm-210298/411595-2.jpg?w=1500&h=1500&v=202411080939",
            img2: "https://orit.fbitsstatic.net/img/p/relogio-rolex-datejust-31mm-210298/411595-6.jpg?w=1500&h=1500&v=202411080939",
            img3: "https://orit.fbitsstatic.net/img/p/relogio-rolex-datejust-31mm-210298/411595-3.jpg?w=1500&h=1500&v=202411080939",
            img4: "https://orit.fbitsstatic.net/img/p/relogio-rolex-datejust-31mm-210298/411595-4.jpg?w=1500&h=1500&v=202411080939"
        },
        categoriaProduto: "Casual",
        classificacaoProduto: "Mais_Vendidos",
        exibirHome: true
    },
    {
        codigoProduto: 15,
        tituloProduto: "Relógio Omega Seamaster Diver 300M 36mm",
        preco: 8000.99,
        descricao: "Uma peça de alta performance. Design sofisticado e moderno. Ideal para quem gosta de se destacar com sutileza.",
        imagemProduto: {
            img1: "https://orit.fbitsstatic.net/img/p/relogio-omega-seeamaster-professional-300-210296/411593-2.jpg?w=1500&h=1500&v=202411081509",
            img2: "https://orit.fbitsstatic.net/img/p/relogio-omega-seeamaster-professional-300-210296/411593-3.jpg?w=1500&h=1500&v=202411081509",
            img3: "https://orit.fbitsstatic.net/img/p/relogio-omega-seeamaster-professional-300-210296/411593-5.jpg?w=1500&h=1500&v=202411081509",
            img4: "https://orit.fbitsstatic.net/img/p/relogio-omega-seeamaster-professional-300-210296/411593-6.jpg?w=1500&h=1500&v=202411081509"
        },
        categoriaProduto: "Casual",
        classificacaoProduto: "Mais_Vendidos",
        exibirHome: true
    },
    {
        codigoProduto: 16,
        tituloProduto: "Relógio Tag Heuer Aquaracer 36mm",
        preco: 10500.99,
        descricao: "Elegante e versátil. Feito para quem aprecia um toque refinado em seu visual diário. Perfeito para qualquer ocasião, com sofisticação e estilo.",
        imagemProduto: {
            img1: "https://orit.fbitsstatic.net/img/p/relogio-rolex-datejust-31mm-210299/411596-2.jpg?w=1500&h=1500&v=202411080939",
            img2: "https://orit.fbitsstatic.net/img/p/relogio-rolex-datejust-31mm-210299/411596-3.jpg?w=1500&h=1500&v=202411080939",
            img3: "https://orit.fbitsstatic.net/img/p/relogio-rolex-datejust-31mm-210299/411596-1.jpg?w=1500&h=1500&v=202411080939",
            img4: "https://orit.fbitsstatic.net/img/p/relogio-rolex-datejust-31mm-210299/411596-5.jpg?w=1500&h=1500&v=202411080939"
        },
        categoriaProduto: "Casual",
        classificacaoProduto: "Mais_Vendidos",
        exibirHome: true
    },
    {
        codigoProduto: 17,
        tituloProduto: "Relógio Tag Heuer Monaco 36mm",
        preco: 9200.99,
        descricao: "Um relógio com acabamento impecável. Combina precisão com sofisticação. Um acessório que eleva o seu visual a um novo nível.",
        imagemProduto: {
            img1: "https://orit.fbitsstatic.net/img/p/relogio-tag-heuer-monaco-36mm-210299/411597-1.jpg?w=1500&h=1500&v=202411080939",
            img2: "https://orit.fbitsstatic.net/img/p/relogio-tag-heuer-monaco-36mm-210299/411597-2.jpg?w=1500&h=1500&v=202411080939",
            img3: "https://orit.fbitsstatic.net/img/p/relogio-tag-heuer-monaco-36mm-210299/411597-3.jpg?w=1500&h=1500&v=202411080939",
            img4: "https://orit.fbitsstatic.net/img/p/relogio-tag-heuer-monaco-36mm-210299/411597-4.jpg?w=1500&h=1500&v=202411080939"
        },
        categoriaProduto: "Casual",
        classificacaoProduto: "Mais_Vendidos",
        exibirHome: true
    },
    {
        codigoProduto: 18,
        tituloProduto: "Relógio Breitling Superocean 36mm",
        preco: 9800.99,
        descricao: "Combinando estilo e performance. Este relógio é ideal para quem busca sofisticação no dia a dia. Elegância e precisão em cada segundo.",
        imagemProduto: {
            img1: "https://orit.fbitsstatic.net/img/p/relogio-breitling-superocean-36mm-210300/411598-2.jpg?w=1500&h=1500&v=202411080939",
            img2: "https://orit.fbitsstatic.net/img/p/relogio-breitling-superocean-36mm-210300/411598-1.jpg?w=1500&h=1500&v=202411080939",
            img3: "https://orit.fbitsstatic.net/img/p/relogio-breitling-superocean-36mm-210300/411598-3.jpg?w=1500&h=1500&v=202411080939",
            img4: "https://orit.fbitsstatic.net/img/p/relogio-breitling-superocean-36mm-210300/411598-4.jpg?w=1500&h=1500&v=202411080939"
        },
        categoriaProduto: "Casual",
        classificacaoProduto: "Mais_Vendidos",
        exibirHome: true
    }
    
    


]